00000000000000000000000000000000000000000100000000111111111100000000000000000000000000000000000000001

00000000000000000000000000000000000000000100000000111111111100000000000000000000000000000000000000001

00000000000000000000000000000000000000000100001000111111111100000010000000001000000000000000000000001

00000000000000000000000000000000000000001111111111111111111100000010000000001000000000000000000000001

00000000000000000000000000000000000000001111111111111111111100000010000000001000000000000011111111001

00000000000000000000000000000000000000001111111111111111111100000010000000001000011000110011111111001

00000000000000000000000000000001000000001111111111111111111111110010010000001001011000110011111111001

00110000000010000001010000001111000001111000001110100001111011111001000000000100000000010000000001102

00110000000010000001010000001111000001111000001111100001111011111011101000110111111110010100000001112

00110000000010000001010000001111100001111110001111110001111111111011101001111111111110010100000001112

00110000000010000011011000011111100001111110001111111001111111111111101001111111111110011100000001112

00110000000010000011011000111111100111111110111111111111111111111111101011111111111110111100000001112

00110000000010000011011000111111100111111110111111111111111111111111101011111111111110111100001111112

00110000000010000011011000111111100111111110111111111111111111111111101011111111111111111100001111112

00000000000000000000100000000010000000011000100001100111000110010110011111001111000000000000000000003

00000000000000000100100000011010010000111111100011111111011111011111011111111111000000000000000000003

00000000000000000100100000011010010111111111100111111111011111011111111111111111011000000000000000003

00000000000000000100100000111011010111111111110111111111011111111111111111111111011000000000000000003

00000000000000000100111000111111010111111111110111111111011111111111111111111111011000000000000000003

00000000000000000100111000111111110111111111110111111111011111111111111111111111011000000000000000003

00000000000000000100111000111111110111111111110111111111011111111111111111111111011110011001111111003

00000000000000000000111111000000000100000000010000000001000000000100001111111111000000000000000000004

00000000000000000000111111000000011100000111110000000011000001111110001111111111000000000000000000004

00000000000000000000111111000001111100000111110000000111000001111110001111111111000000000000000000004

00000000000000000000111111000001111100001111110000000111000001111110001111111111111111110000000000004

00000000000000000000111111000001111100001111110000000111000011111111101111111111111111110000000000004

00000000000000000000111111000001111100001111110000000111000011111111101111111111111111110000000100004

00000000000000000000111111000011111100001111110000000111000011111111101111111111111111110000001100004

00000000000000000000111100001110010000011001000001100100000110011000011000111001000000111100000000005

00100011000110000110111100001110110000111011000011101100001110011011111000111001000000111100000000005

11110011101110000111111100001111110000111111000011111100001110111011111001111111000000111100000000005

11110011101110000111111100101111110011111111001111111111101110111011111001111111000000111100000000005

11110011101110111111111111101111111111111111101111111111101110111011111001111111000111111100000000005

11110011101110111111111111101111111111111111101111111111101110111011111001111111000111111100000000005

11110011101110111111111111111111111111111111101111111111111110111011111011111111100111111100000000005

00000000000000000000001111111011100001111000001101100000100110000010011110001101001000011100000000006

00000000000001111110001111111111100011111100001101110000100110000010011110001101001000011100000000006

00000000000001111110001111111111111111111100011111110001100110000110011110011101001000111100000001106

00000000000001111110001111111111111111111110011111110001100110000110011110011111001000111100000001106

00000000000001111110001111111111111111111111111111110111100110010110011111111111001010111100000001106

00000000000001111110001111111111111111111111111111110111100110011110011111111111101011111110000001106

00000000000001111110001111111111111111111111111111110111101110011111111111111111101011111110000001106

00000000000000000000100000000110000001111000011100100110000010110000001100000000100000000000000000007

00000000000000000000100000000111000001111100011101110111111111110110001101110000111000000011000000007

00000000000000000000100000000111000001111100011111110111111111111110001101110000111100000011100000007

00000000000000000000100100000111010001111101011111110111111111111111001111111000111111100011110000007

00000000000000000000101100000111010001111101011111111111111111111111001111111000111111100011110000007

00000000000000000000101100000111110001111111011111111111111111111111101111111000111111100011110000007

00000000000010000000101100000111110001111111011111111111111111111111101111111000111111100011110000007

00000000000000000000111000011110110011011001111001100011000110001111111111100000000000000000000000008

00000000000000000000111000011110111011111111111011110011001111111111111111100000000000000000000000008

00000000000000000000111000011110111011111111111111111011111111111111111111111111000011000000000000008

00000000000000000000111000011110111111111111111111111011111111111111111111111111000011000000000000008

000000000000000000001110000111111111111111111111111110111111111111111111111111110000110s00000000000008

00000000000000000000111110011111111111111111111111111011111111111111111111111111000011000000000000008

00000000000000000000111110011111111111111111111111111011111111111111111111111111001111000000000000008

00000000000000000000111000000010110000001001000000100100000011010000001111111111000000000100000000009

00000000000000000000111000000011110000001011000000100100000011010000001111111111000000000100000000009

00000000000000000000111000000011110110001111001100101100010011110011001111111111001110000100000000009

00000000000000000000111000000011110110001111001100101100010011110011001111111111001110000100000000009

00000000000000000000111000000011110110001111111101101101110111110011011111111111001110101100001111109

00000000000000000000111000000011110110001111111111101111110111110011011111111111001110111100001111119

00000000000000000000111000000011110110001111111111101111110111110011011111111111011111111100011111119